13799232
3672686
5712174
9175987
3937695
7309411
9299264
12654953
3632437
5614675
5711759
5361194
6112449
75997971
6999267
1627502
4938043
14590531
4681182
2148528
13789295
11739519
3481653
6626374
13245350
10522842
13732618
9937624
7041597
2590986
1659106
4318898
11796712
5452305
3779643
13664540
7414949
12185912
11964712
8605768
8722135
5146454
6227946
2456641
5111744
11936745
10933423
7587588
10443111
3376979
10927749
12716538
1576391
1696882
7960896
5903681
4422744
2866473
13129266
9230221
5727486
14228412
11242072
3516403
4975198
14695476
8641525
1836728
7821530
11977537
13505715
14226696
9157074
6202061
8056958
6807598
9873193
14474046
12465018
3290176
1257488
6136376
7732095
9924883
6070904
12145847
14560938
2504499
12060510
8118777
11497369
13764863
2112014
7615836
2948998
6079592
12240802
14250275
1392568
5184779
14462523
6660698
14738153
14481814
7585619
1849821
8699395
9601836
11984466
9437755
11562533
14213465
8725076
11352340
10754123
1724340
8852529
1409222
1885702
7901615
8140274
5036532
11692260
6304232
10478967
11037786
1304965
9695348
2494485
10338775
13698770
12902579
2660193
12836413
4217523
7743985
14434403
4855749
12725567
8168415
1201582
5805786
2289250
6968300
6279421
4227299
3666533
2789444
10708899
7399366
1159041
2762682
1892582
7243238
11001170
5216208
12340214
1794151
8960992
4168756
7943036
7734517
14921459
4862448
4331084
1045533
5252242
6912605
9260242
4513736
2161657
6264777
14637791
9777374
14875841
12616939
12334861
9954829
11637325
2248716
4419500
6950060
4792506
10729010
13403488
2475299
14332820
6101762
10072261
3121472
11446379
4294616
2570043
3940487
4156908
7486127
9127522
5182674
9278286
5851152
3491320
10379168
12151898
9663279
7880551
3869274
3929325
13392729
9597055
5372018
13495197
7023764
12588530
2692214
13211024
13193442
10862347
13674360
13917158
9501024
7911011
13786220
13512528
2883510
3808296
14670347
8363712
14049415
5349155
5808282
8238291
14736260
8412432
14602599
6675977
9553054
1492844
13810615
6343976
2757744
6948448
4457043
8926157
5416186
8922674
2479663
11882137
11630004
4692404
13630705
10103723
13618150
4052848
5707732
1436790
9620407
14764104
13278073
13876572
1422322
8848954
13779649
2287338
5898607
10478894
9152536
7109223
13487551
3394376
4296397
8418563
5874161
5048135
2522711
11876011
10416660
2133051
7116462
12845076
4601235
11610887
10846204
9561042
1237643
6237702
11673043
4562253
1561813
12262618
3256248
13770757
3958478
2806666
11533846
12885231
7991284
11732991
2179698
12253437
8240811
11599385
6180188
13529249
10239520
4406967
3356961
5917678
4071946
13526166
6546816
12586961
3991906
12761571
10132878
14682125
7292944
14732867
5542653
11435546
5515192
7906133
1922282
5454403
7941594
4909787
3464822
7832634
10577793
9348276
13476292
8554524
1328640
12521638
13080480
6144252
13948131
1852116
9461512
6655062
13153133
7635422
9689159
7399015
2074901
6564565
5472603
9558263
11683146
7478859
12939079
1545657
12209888
7965510
3843299
8728151
1471428
10223542
13870307
10368993
6171779
9518568
3558090
5541146
6383583
7118918
2857567
14476873
14304923
14532488
12322518
9328067
8771686
7488485
10029153
11816354
1329667
6962140
7161191
5836518
7769993
1084409
4745589
1632562
13765164
11712449
11616088
4489610
14600892
4603787
14072661
6785856
7426295
13333215
9855001
2658064
9825384
4538236
6330445
11336136
1659207
2118579
9526309
7972828
5541643
13834370
9051083
14178915
10766997
6670076
11002198
12474973
1405353
7362999
11593883
3378843
14752012
6076825
1328798
9347802
8096984
6563946
3112071
4536211
14104991
13179967
3677353
4294387
5880409
1910229
6681462
10707570
12983256
3662324
4416394
6925542
2617814
6581375
8347872
7118284
12403749
14211429
8307613
9611546
7643363
6803585
3541794
1220526
4077377
2188548
11827711
2788794
13032061
11711089
4349304
2083412
13795459
13355985
4419916
7929507
14277842
2558819
9378378
1333943
8475025
14695072
9931512
3642279
5180081
14229097
9731782
2088282
12207591
2921400
14082074
11520088
9530765
14090434
4447931
10533011
2789960
3370860
7613417
12442675
10181189
11175571
10872625
8101288
7840671
11305375
1672363
8975727
3417150
14718213
11324229
4168014
2033777
11941062
9774218
11004310
11403316
3032226
14077352
7568904
2508947
11321905
7118075
9734149
5017403
13562286
3036980
14180989
1963532
5136351
7578260
3968727
13098368
1121008
3028032
2502942
14575736
11477711
11712202
13958375
3939908
7750485
12300507
11249020
9706011
7212422
4179787
11319340
11218375
4893400
2740527
2588160
3704163
7358372
14446487
7073671
10165825
6577751
11633666
13389849
9675803
7525124
7852744
4209385
8352197
1257247
10542159
8085927
4915647
4732555
5580313
14524254
4526659
8206937
7297278
7430784
7355746
8356173
3940316
8770961
10769560
3248287
6736639
6765971
2242900
10331838
11307356
1072112
12953356
4745393
9647739
13138314
1362490
7142681
13785217
11224803
6234161
8462056
10264895
3218600
4953177
4721674
14203308
9567751
7686656
2354933
5937480
11073318
12587839
2628705
4524151
14926084
8997129
14591622
10183968
6669646
11333934
13286622
13379361
13224543
14273439
5755680
10115492
5371439
9542055
5840972
1892981
3452924
14131961
12409395
3941443
9479517
10606336
12572120
7321834
3528889
8603364
3702990
12168491
14321679
9545571
2343153
8931520
6693625
3751897
4878634
13210962
2631867
5560530
10836364
10658235
9479744
7820869
12757653
3170752
3443132
10040814
9792246
5744422
9237482
10340685
3340563
5997475
14576602
2967753
8968656
4559454
9886655
6107869
3483988
8712991
8283901
2100451
10695651
14446590
1037990
7776488
10406104
3392897
13584441
11480290
7586504
3092268
6500288
2162309
7276057
10937947
7191001
14091762
2370524
10045086
13107434
6955660
9396232
13847188
5103758
7579780
5713944
13275659
11370138
8332465
3239776
12343850
11417119
1186704
5163054
7173915
4484666
7547902
5109735
2783903
13472542
13544056
1772987
7550923
4896997
6120105
2344732
11857516
9195996
1369252
3444896
10749171
10167716
12250204
7572757
11540457
6111468
7076518
7849996
1233930
7868694
1435517
9611596
1363802
7247364
2727192
5761821
2030135
1686453
8353772
1935448
4152376
3760382
4792642
12517255
12214643
10919619
3038578
9304107
7044154
6658095
3857589
11294446
9317619
4010388
10409270
7606028
8018471
11681139
3040696
5340138
2020480
14510507
13577058
10233895
1030892
10303836
4235712
2960952
12233607
8670744
6934327
13169033
7736431
14718777
9837824
8189800
4730508
5480239
4742953
13746209
11616534
11176342
7400270
11911859
4752441
5299814
11386064
3022484
2558879
13831365
7432667
4622740
11880542
8788944
4685838
6315196
12549733
7669646
9369552
14086304
2024712
11371283
12054923
3229568
1353104
7242262
14014434
1396648
6771879
6457290
6973936
6827247
9883509
6504476
12224574
13519136
9353921
4865385
9562752
5390287
3791778
14099394
1221950
2873232
4468208
14862277
7544684
9339399
14939158
14808017
9379146
14223967
1966443
12368295
4241303
3249214
11482117
4050899
1995319
11506756
13773420
3367438
11555086
3660045
3977777
14326727
11277557
8130326
14448819
6475330
5210106
3244868
9594414
2608978
7971632
9997760
1777272
5303869
3524978
2608629
2314840
6593864
2207887
14740799
13233395
4216831
11552685
8008072
1827409
12601028
1262593
2570794
3002208
2891386
11053342
12761745
12022312
11757091
10638950
6251574
7694366
11809378
2492832
10207739
9957740
9781866
12103548
4307917
6249346
14102671
3506232
11743747
13630778
14318470
10176899
6044990
3311109
1248310
2359331
2751607
2283478
10406089
9548402
3355410
9185662
10542513
2955163
6326967
12542852
1298780
12586402
4924452
11266131
13869923
5018640
14068122
8686888
7379575
10315991
4891872
1233005
6864534
1113315
13294527
1920389
9054562
7442982
3247447
12708685
13797333
8307746
12277201
11493358
14383422
6066518
8056877
8281480
12899326
14922492
5439306
13540597
1159341
8654657
10651164
11004488
7082445
3093348
13493800
10828951
13654988
1603274
4309421
6938377
13588967
12737153
2135897
2764983
3592073
8438672
4703993
14056022
11299865
10481782
13487276
5310029
12931868
12595605
5989418
6910200
3470168
14248604
5308863
14079110
1401254
7055611
8057145
10347808
3546709
10777282
3692347
6178128
1044639
4204885
9894804
4964176
5869909
2702877
11382344
3445813
13207791
2384776
6870978
4712894
9321146
2540170
11952869
14848476
12883556
13781620
1883690
10157056
6945535
13133273
12928713
8789455
12734083
4426200
3555590
9696936
14778259
11469447
9614445
14313449
7726984
5310178
14305587